0 4
1 32
1 4
1 7
1 14
1 28
2 8
2 16
4 0
4 8
4 10
4 18
5 8
5 16
5 30
5 14
6 11
6 2
6 10
7 0
7 1
7 14
8 32
8 16
8 19
8 23
8 24
8 26
9 16
9 19
9 30
9 31
11 26
11 19
11 29
11 6
12 1
13 3
13 10
13 17
14 1
14 5
14 13
14 17
14 18
15 0
15 28
16 33
16 2
16 5
16 8
16 9
17 7
17 18
17 22
17 25
18 4
18 14
18 17
18 21
18 24
19 4
19 8
19 13
19 16
19 20
20 1
20 32
20 19
20 21
20 22
20 25
21 0
21 1
21 20
21 23
21 25
22 17
22 13
22 28
22 29
23 3
23 13
24 34
24 8
24 16
24 18
24 28
26 8
26 16
26 12
26 25
27 8
28 0
28 1
28 3
28 22
28 24
28 25
28 27
28 30
29 1
29 22
30 5
30 9
30 17
30 21
30 25
31 2
31 10
32 3
32 8
32 14
32 24
32 30
33 13
34 25
34 2
